123456
123345
999999
444444
000000
111111
555555
666666
777777
888888

999990
123213
000000

999999
121212999999
121212999999
121212999999
121212999999
121212999999
121212999999
121212999999
121212999999
121212999999
121212999999
121212999999
121212999999
121212999999
121212999999
121212999999
121212999999
121212999999
121212999999
121212999999
121212999999
121212999999
121212999999
121212999999
121212999999
121212999999
121212999999
121212999999
121212999999
121212999999
121212999999
121212999999
121212999999
121212999999
121212999999
121212999999
121212999999
121212999999
121212999999
121212999999
121212999999
121212999999
121212999999
121212999999
121212999999
121212999999
121212999999
121212999999
121212999999
121212999999
121212999999
121212999999
121212999999
121212999999
121212999999
121212999999
121212999999
121212999999
121212999999
121212999999
121212999999
121212999999
121212999999
121212999999
121212999999
121212999999
121212999999
121212999999
121212999999
121212999999
121212999999
121212999999
121212999999
121212999999
121212999999
121212999999
121212999999
121212999999
121212999999
121212999999
121212999999
121212999999
121212999999
121212999999
121212999999
121212999999
121212999999
121212999999
121212999999
121212999999
121212999999
121212999999
121212999999
121212999999
121212999999
121212999999
121212999999
121212999999
121212999999
121212
072e549274b7204dbf062eb06c78eb2509dc9888
